37.6
36.5
36.5
35.9
37.0
36.5
35.9
34.3
34.3
33.8
34.3
33.8
33.8
33.2
33.8
33.8
33.2
33.2
33.2
33.2
31.1
32.2
31.1
31.1
31.1
31.1
31.1
31.1
30.6
30.6
30.6
30.0
31.1
30.6
30.0
30.0
30.0
30.0
30.0
28.9
28.9
29.5
30.0
30.0
30.0
30.0
28.9
30.0
30.6
30.0
31.1
31.6
31.1
31.1
31.1
32.2
31.1
31.1
32.2
31.6
31.1
31.1
31.1
31.1
28.9
26.8
27.9
28.9
28.9
30.0
28.9
29.5
29.5
29.5
30.0
29.5
30.0
30.0
30.0
30.0
30.0
30.0
30.6
30.0
30.6
30.6
30.6
31.1
30.6
30.6
31.1
31.1
30.6
31.1
31.1
31.1
31.1
31.1
31.1
31.1
30.6
31.1
31.1
31.1
31.1
31.1
31.6
31.1
31.6
31.6
31.1
31.1
30.0
30.6
30.0
30.6
30.0
30.6
30.6
30.0
30.0
30.6
30.0
30.0
29.5
30.0
30.0
30.0
30.0
30.0
30.0
30.0
30.0
29.5
30.6
29.5
30.0
30.0
30.0
30.0
30.0
28.9
30.0
30.0
30.0
30.0
30.6
30.6
30.0
30.0
31.1
31.1
30.6
30.6
31.1
30.6
31.1
30.6
30.6
31.1
30.6
31.1
31.1
30.6
30.6
31.1
31.6
31.1
31.1
31.1
31.1
31.1
31.1
31.6
31.1
31.1
31.1
31.1
30.6
30.6
30.6
30.6
30.6
30.0
30.0
30.0
30.0
30.0
29.5
30.0
29.5
29.5
30.0
30.0
30.0
29.5
30.0
29.5
29.5
29.5
29.5
30.0
28.9
28.9
30.0
30.0
30.0
30.0
29.5
30.0
28.9
28.9
28.9
30.0
28.9
28.9
28.9
28.9
30.0
28.9
28.9
29.5
29.5
29.5
28.9
30.0
28.9
28.9
29.5
29.5
28.9
28.9
29.5
30.0
28.9
28.9
28.9
28.9
28.9
29.5
28.9
28.9
28.9
28.9
28.9
28.4
28.9
28.9
28.9
28.9
28.9
28.9
28.9
28.9
28.4
28.9
28.9
28.9
28.9
28.9
27.9
28.9
28.9
28.4
28.4
28.9
28.9
28.4
28.4
28.9
28.4
28.4
28.4
28.4
28.4
28.4
28.4
28.4
27.9
27.9
27.9
28.4
28.4
27.9
28.4
28.4
27.9
27.9
28.4
28.4
28.9
27.9
27.9
28.4
27.9
27.9
28.4
27.9
27.9
27.9
28.4
27.9
27.9
27.9
27.9
27.9
27.9
27.9
27.9
27.9
27.9
27.9
27.9
27.9
27.9
27.9
27.9
27.9
27.9
27.3
28.4
27.9
27.9
27.9
27.9
27.9
27.9
27.9
27.9
27.9
27.9
27.9
27.9
27.3
27.9
27.9
27.9
27.3
27.9
27.9
27.9
27.9
27.3
27.3
27.9
27.3
27.3
27.3
27.3
27.3
27.3
26.8
27.9
27.3
27.9
27.9
27.9
27.9
27.9
26.8
26.8
27.3
27.9
26.8
26.8
26.8
26.8
27.3
27.3
26.8
26.8
27.3
27.3
27.9
27.9
27.9
27.3
26.8
27.3
27.3
27.3
27.3
27.3
27.3
27.3
27.9
27.3
27.9
27.3
27.3
27.3
27.3
27.9
27.3
27.3
26.8
27.3
27.3
27.9
26.8
26.8
27.3
26.8
26.8
26.8
27.3
26.8
27.9
26.8
26.8
27.3
27.3
27.9
26.8
27.3
26.8
27.9
26.8
26.8
26.8
26.8
26.8
27.3
26.8
26.8
26.8
26.8
26.8
26.8
26.8
27.3
26.8
26.8
27.3
26.8
26.8
26.8
26.8
26.8
26.8
26.8
26.8
26.8
26.8
26.3
26.8
26.8
26.8
26.8
26.8
26.8
26.8
27.3
26.8
26.8
26.8
26.8
26.8
26.8
26.3
26.8
27.3
26.8
26.8
26.8
26.8
26.3
26.8
26.8
26.3
26.8
26.3
26.8
26.8
26.3
26.3
26.3
26.8
26.3
26.8
26.3
26.3
26.3
26.8
26.8
26.8
26.8
26.8
26.3
26.3
26.3
26.3
26.8
26.3
26.8
26.3
26.3
26.8
26.8
26.3
26.3
26.8
26.8
26.8
26.8
26.8
26.8
26.3
26.3
26.8
26.3
26.8
26.8
26.3
26.3
26.3
26.8
26.8
26.8
26.3
26.8
26.3
26.8
26.8
26.3
26.8
26.3
26.8
26.3
26.8
26.3
26.3
25.7
26.3
26.3
26.3
26.3
26.8
26.8
26.3
26.3
26.3
26.3
26.3
26.3
26.8
26.8
26.3
26.8
26.8
26.3
26.8
26.3
26.8
26.3
26.8
26.8
26.8
26.3
26.8
26.3
26.3
26.3
26.3
26.3
26.8
26.8
26.3
26.3
26.8
26.8
26.8
26.8
26.3
26.3
26.3
26.3
26.8
26.8
26.3
26.3
26.3
26.3
26.8
26.3
26.3
26.8
26.8
26.3
26.8
26.3
26.8
25.7
26.3
26.8
26.3
26.8
26.3
26.3
26.8
25.7
25.7
26.3
26.3
26.3
26.3
26.3
26.8
26.3
26.3
26.3
26.8
25.7
26.3
26.3
25.7
25.7
26.3
26.3
26.8
26.3
26.3
26.8
26.8
26.8
26.8
26.3
26.3
26.3
25.7
25.7
26.3
26.8
25.7
25.7
25.7
26.3
25.7
26.3
25.7
26.3
25.7
26.3
25.7
26.3
26.3
26.3
26.3
26.3
26.3
26.3
26.3
25.7
26.3
26.3
26.3
26.3
26.3
26.3
25.7
26.3
25.7
26.3
25.7
26.3
26.3
25.7
26.3
25.7
26.3
26.3
25.7
26.3
25.7
26.3
26.3
25.7
26.3
26.3
26.3
26.3
26.3
26.3
25.7
25.7
25.7
26.3
25.7
26.3
25.7
25.7
25.7
25.7
25.7
26.3
26.8
26.8
25.7
25.7
25.7
26.3
26.3
26.3
26.3
25.7
26.3
26.3
25.7
26.3
25.7
26.3
25.7
26.3
25.7
26.3
26.3
26.3
25.7
26.3
25.7
26.3
26.3
26.3
26.3
26.3
26.3
26.3
26.3
26.3
25.7
26.3
25.7
25.7
26.3
25.7
25.7
26.3
26.3
26.3
26.8
26.3
26.3
26.3
26.8
26.8
26.8
26.8
26.8
26.8
27.9
27.9
27.9
27.9
27.9
27.9
27.9
27.9
27.9
27.9
27.9
27.9
27.9
28.4
27.9
28.4
28.9
28.4
28.4
28.4
28.4
28.4
28.4
28.4
28.4
28.4
28.9
28.4
28.9
28.9
28.9
28.9
28.9
28.9
28.4
28.9
28.9
28.9
28.9
28.9
30.0
28.9
28.9
29.5
29.5
29.5
28.9
28.9
28.9
28.9
28.9
29.5
30.0
30.0
30.0
29.5
29.5
30.0
29.5
30.0
29.5
30.0
30.0
30.0
30.0
30.0
30.0
28.9
30.0
29.5
30.0
29.5
30.0
30.0
30.0
30.0
30.0
30.0
30.0
30.0
30.0
30.0
30.0
30.0
30.0
30.6
30.0
30.0
30.0
30.0
30.0
30.6
30.0
30.0
30.6
30.0
30.0
31.1
30.6
30.6
30.6
30.0
30.6
30.6
30.6
30.0
31.1
31.1
31.1
31.1
30.6
31.1
31.1
31.1
30.6
31.1
31.1
31.1
31.1
30.6
30.6
31.1
31.1
30.6
31.1
31.1
30.6
30.6
31.1
31.1
31.1
31.1
31.1
31.1
31.1
30.6
31.1
31.1
31.1
31.1
31.1
31.1
31.6
31.1
31.1
31.6
31.6
31.1
31.1
30.6
30.6
30.6
30.0
30.0
30.6
30.6
30.6
30.0
30.0
30.0
30.0
30.0
30.0
29.5
30.0
30.0
30.0
30.0
30.0
30.0
30.0
30.6
30.0
30.0
30.0
30.0
30.0
30.0
30.0
30.0
30.0
30.0
30.0
30.0
29.5
30.0
30.0
30.0
30.0
29.5
30.0
30.0
30.0
30.0
28.9
30.6
