37.0
37.6
38.6
39.7
40.8
40.8
40.8
41.9
41.9
41.9
42.9
41.9
42.4
42.9
42.9
42.9
42.9
42.4
42.9
42.9
42.9
43.5
43.5
43.5
44.5
44.0
42.9
44.5
44.5
44.5
45.1
45.1
45.1
44.0
44.5
44.5
44.5
44.5
44.0
44.0
44.0
43.5
44.0
44.0
44.0
43.5
44.5
44.0
45.1
44.5
45.1
44.5
44.5
45.1
45.1
45.1
44.0
44.5
44.5
44.0
44.0
44.5
43.5
44.0
44.0
44.0
44.0
44.0
44.0
44.0
44.5
45.1
45.1
45.1
44.5
45.1
45.1
45.1
45.1
44.5
45.1
45.1
45.6
45.1
45.1
45.6
45.1
45.1
45.1
45.1
45.1
44.5
45.1
44.5
44.5
45.1
45.1
45.1
45.1
45.1
45.1
45.1
45.6
45.6
45.6
45.1
44.5
44.0
45.1
45.1
45.1
45.1
45.1
45.6
45.1
45.1
45.1
45.1
45.1
44.5
44.0
44.0
45.1
44.5
44.0
44.0
44.0
44.5
44.5
44.0
44.0
44.5
44.0
44.0
44.0
44.0
44.0
44.0
43.5
44.0
43.5
43.5
44.0
44.0
43.5
44.0
43.5
43.5
44.0
43.5
44.0
44.0
44.0
43.5
44.0
43.5
43.5
43.5
44.0
43.5
43.5
44.0
43.5
43.5
43.5
44.0
44.0
44.0
43.5
44.0
43.5
43.5
44.0
44.0
44.0
44.0
44.0
44.0
44.0
44.0
43.5
44.0
44.0
44.0
44.0
44.5
45.1
44.5
44.5
44.0
44.0
44.0
44.5
44.5
45.1
44.5
44.5
44.0
44.0
44.0
44.0
44.0
44.0
44.0
44.0
44.5
43.5
44.5
44.0
44.0
44.0
44.0
44.0
44.0
44.0
45.1
44.0
44.0
44.0
44.5
44.0
44.0
44.0
44.0
44.0
44.0
44.0
44.5
44.0
44.0
44.0
44.0
44.0
44.0
43.5
43.5
44.0
44.0
44.0
43.5
44.0
44.0
44.0
44.0
44.0
43.5
43.5
44.0
43.5
44.0
44.0
44.0
44.0
44.0
44.0
44.5
43.5
43.5
44.0
44.5
44.0
44.5
44.0
44.0
44.0
44.0
44.0
43.5
44.0
44.0
43.5
44.0
44.0
44.0
44.5
44.0
44.0
44.0
44.0
43.5
44.0
44.0
44.0
44.0
44.0
44.0
44.0
44.0
44.0
44.5
43.5
44.0
44.0
44.5
44.5
45.1
44.5
44.5
44.0
44.5
44.5
44.0
45.1
44.5
44.5
45.1
44.0
45.1
44.5
45.1
44.5
45.1
44.0
44.5
44.5
44.0
45.1
